,EcoliHS,EalbertiiKF1,Ecoli042,Ecoli11368,Ecoli4115,Ecoli536,Ecoli55989,EcoliATCC8739,EcoliCB9615,EcoliCE10,EcoliCFT073,EcoliE24377A,EcoliEDL933,EcoliIAI1,EcoliIAI39,EcoliLF82,EcoliMG1655,EcoliNissle1917,EcoliNRG857c,EcoliREL606,EcoliSakai,EcoliSE11,EcoliSE15,EcoliSMS35,EcoliTW14359,EcoliUMN026,EcoliUMNK88,EcoliUTI89,EcoliW3110,TL003658,TL003659,TL003661,TL003663,TL003664,TL003665,TL003666,TL003667,TL003669,TL003670,TL003671,TL003672,TL003674,TL003675,TL003677,TL003679,TL003680,TL003681,TL003682,TL003683,TL003684,TL003685,TL003686,TL003687,TL003688,TL003689,TL003690,TL003691,TL003692,TL003693,TL003694,TL003695,TL003696,TL003697,TL003698,TL003699,TL003700,TL003701,TL003702,TL003703
EcoliHS,0,121810,42049,21517,32250,50381,21434,11247,31932,44397,50210,21635,32226,21253,44381,50057,17111,49623,50054,16165,32223,21165,50144,45051,32249,42090,17914,50068,17111,50489,50488,49656,21636,50187,49594,41781,49601,50223,50189,17932,49651,49594,49850,19983,41960,49602,50180,42891,50086,49365,50472,41961,41961,41961,41960,41960,50203,42891,42890,42890,42890,42892,42890,42890,42890,42890,42890,42890,42890
EalbertiiKF1,121810,0,120993,121777,122236,122463,121590,121715,121980,121313,122224,121737,122226,121461,121299,122083,121449,122137,122074,121803,122225,121471,122162,120839,122235,120956,121692,122374,121449,122363,122364,122378,121812,122221,122070,121019,122269,122443,122227,121522,122375,122070,122436,121657,121006,122074,122218,120793,122398,122389,122158,121007,121007,121007,121006,121006,122397,120793,120792,120792,120792,120794,120792,120792,120792,120792,120792,120792,120792
Ecoli042,42049,120993,0,42028,43185,48860,42019,41998,42887,40036,49217,41994,43167,41998,40030,48888,41736,48484,48879,42052,43164,42014,49269,39644,43186,24279,40953,48895,41736,49626,49625,48495,41963,49180,48811,24050,48252,49112,49192,41845,48492,48811,48851,42184,24125,48817,49181,31384,48913,47712,49629,24126,24126,24126,24125,24125,49082,31384,31383,31383,31383,31385,31383,31383,31383,31383,31383,31383,31383
Ecoli11368,21517,121777,42028,0,32755,50164,13537,23372,32471,44840,49999,14052,32729,13514,44826,49942,24070,49180,49937,23820,32726,14188,49887,45022,32754,41939,23713,49871,24070,50384,50383,49525,13397,49990,49287,41736,49372,50082,49986,23863,49520,49287,49565,23460,41875,49297,49977,42790,49889,49056,50299,41876,41876,41876,41875,41875,49962,42790,42789,42789,42789,42791,42789,42789,42789,42789,42789,42789,42789
Ecoli4115,32250,122236,43185,32755,0,51055,32724,31883,1966,45933,50988,32761,284,32765,45923,50819,31475,50527,50814,32209,281,32767,50770,46199,21,43302,32002,50742,31475,51225,51224,50470,32708,50977,50486,43179,50201,50907,50977,31888,50469,50484,50580,32357,43286,50492,50966,43755,50760,50087,51158,43287,43287,43287,43286,43286,51061,43755,43754,43754,43754,43756,43754,43754,43754,43754,43754,43754,43754
Ecoli536,50381,122463,48860,50164,51055,0,50033,50310,50775,42638,16671,50214,51029,49964,42622,16800,49986,17250,16797,50152,51026,49968,22243,41936,51054,48479,50039,16581,49986,21790,21789,17343,50011,16652,22467,48484,16750,14930,16768,49941,17338,22467,17135,50200,48503,22475,16759,47702,16601,18000,21405,48504,48504,48504,48503,48503,17398,47702,47701,47701,47701,47703,47701,47701,47701,47701,47701,47701,47701
Ecoli55989,21434,121590,42019,13537,32724,50033,0,23575,32454,44587,49866,13283,32704,12259,44573,49767,24079,49323,49764,23881,32701,12583,49758,44857,32723,41850,23838,49760,24079,50237,50236,49428,12626,49849,49272,41663,49249,49919,49841,24012,49423,49272,49538,23655,41794,49282,49832,42631,49778,49151,50130,41795,41795,41795,41794,41794,49885,42631,42630,42630,42630,42632,42630,42630,42630,42630,42630,42630,42630
EcoliATCC8739,11247,121715,41998,23372,31883,50310,23575,0,31593,44480,50093,23794,31861,23594,44466,49940,15404,49508,49937,14882,31858,23454,49923,45044,31882,42185,16449,49937,15404,50358,50357,49449,23469,50064,49567,41850,49330,50150,50064,16377,49444,49565,49733,19286,42099,49575,50053,42822,49955,49336,50315,42100,42100,42100,42099,42099,50028,42822,42821,42821,42821,42823,42821,42821,42821,42821,42821,42821,42821
EcoliCB9615,31932,121980,42887,32471,1966,50775,32454,31593,0,45651,50696,32461,1942,32473,45641,50537,31189,50233,50532,31937,1939,32461,50484,45929,1965,42980,31712,50468,31189,50909,50908,50202,32432,50681,50188,42857,49909,50601,50693,31600,50199,50186,50318,32091,42964,50192,50682,43447,50486,49815,50860,42965,42965,42965,42964,42964,50769,43447,43446,43446,43446,43448,43446,43446,43446,43446,43446,43446,43446
EcoliCE10,44397,121313,40036,44840,45933,42638,44587,44480,45651,0,42547,44722,45911,44646,366,42284,44278,42806,42279,43982,45908,44588,43407,26012,45932,38455,44493,42807,44278,43306,43307,43023,44719,42526,43295,38548,42618,42696,42500,44067,43020,43297,43073,44484,38521,43305,42491,39496,42825,43006,43239,38522,38522,38522,38521,38521,42640,39496,39495,39495,39495,39497,39495,39495,39495,39495,39495,39495,39495
EcoliCFT073,50210,122224,49217,49999,50988,16671,49866,50093,50696,42547,0,50009,50964,49741,42527,14525,49735,1339,14520,49979,50959,49779,21232,42263,50989,48648,49776,15310,49735,20745,20744,15958,49762,353,21584,48693,17247,13823,587,49882,15953,21584,15846,49983,48696,21592,576,47973,15330,16781,20064,48697,48697,48697,48696,48696,15533,47973,47972,47972,47972,47974,47972,47972,47972,47972,47972,47972,47972
EcoliE24377A,21635,121737,41994,14052,32761,50214,13283,23794,32461,44722,50009,0,32737,13036,44710,49954,24280,49358,49947,24116,32734,13204,49939,44960,32760,41949,24027,49929,24280,50304,50303,49521,13095,49996,49257,41726,49390,50102,49990,24003,49516,49255,49761,23580,41911,49267,49981,42820,49949,49226,50301,41912,41912,41912,41911,41911,49958,42820,42819,42819,42819,42821,42819,42819,42819,42819,42819,42819,42819
EcoliEDL933,32226,122226,43167,32729,284,51029,32704,31861,1942,45911,50964,32737,0,32739,45901,50793,31449,50503,50788,32183,51,32743,50742,46177,283,43282,31978,50716,31449,51193,51192,50446,32684,50951,50456,43159,50175,50881,50953,31864,50443,50454,50554,32329,43266,50462,50942,43733,50734,50061,51128,43267,43267,43267,43266,43266,51037,43733,43732,43732,43732,43734,43732,43732,43732,43732,43732,43732,43732
EcoliIAI1,21253,121461,41998,13514,32765,49964,12259,23594,32473,44646,49741,13036,32739,0,44630,49666,23928,49166,49659,23936,32736,11798,49667,44746,32764,41741,23909,49685,23928,50124,50123,49295,12351,49722,49139,41544,49082,49788,49736,23867,49290,49139,49457,23434,41693,49149,49727,42448,49703,49016,50085,41694,41694,41694,41693,41693,49740,42448,42447,42447,42447,42449,42447,42447,42447,42447,42447,42447,42447
EcoliIAI39,44381,121299,40030,44826,45923,42622,44573,44466,45641,366,42527,44710,45901,44630,0,42266,44264,42786,42261,43972,45898,44574,43387,25996,45922,38443,44481,42793,44264,43290,43291,43005,44705,42506,43277,38536,42602,42678,42478,44047,43002,43279,43059,44474,38509,43287,42469,39482,42811,42992,43221,38510,38510,38510,38509,38509,42626,39482,39481,39481,39481,39483,39481,39481,39481,39481,39481,39481,39481
EcoliLF82,50057,122083,48888,49942,50819,16800,49767,49940,50537,42284,14525,49954,50793,49666,42266,0,49600,15244,109,49896,50788,49662,21339,42284,50820,48341,49683,15455,49600,20786,20785,16085,49679,14492,21601,48370,17188,14472,14450,49733,16080,21601,15947,49928,48391,21609,14443,47620,15475,16838,20419,48392,48392,48392,48391,48391,14914,47620,47619,47619,47619,47621,47619,47619,47619,47619,47619,47619,47619
EcoliMG1655,17111,121449,41736,24070,31475,49986,24079,15404,31189,44278,49735,24280,31449,23928,44264,49600,0,49280,49595,15574,31448,23858,49595,44684,31474,41797,12635,49639,2,50146,50145,49343,23753,49708,49425,41596,49118,49858,49716,14581,49336,49423,49361,20848,41651,49435,49707,42542,49657,48920,50063,41652,41652,41652,41651,41651,49708,42542,42541,42541,42541,42543,42541,42541,42541,42541,42541,42541,42541
EcoliNissle1917,49623,122137,48484,49180,50527,17250,49323,49508,50233,42806,1339,49358,50503,49166,42786,15244,49280,0,15237,49414,50498,49212,20783,42180,50528,48323,49033,15995,49280,21252,21251,15603,49141,1224,21183,48366,17444,14608,1460,49131,15598,21183,16149,49430,48367,21191,1449,47764,16015,16652,20539,48368,48368,48368,48367,48367,16140,47764,47763,47763,47763,47765,47763,47763,47763,47763,47763,47763,47763
EcoliNRG857c,50054,122074,48879,49937,50814,16797,49764,49937,50532,42279,14520,49947,50788,49659,42261,109,49595,15237,0,49889,50783,49657,21338,42281,50815,48334,49678,15454,49595,20785,20784,16084,49676,14485,21598,48363,17187,14469,14443,49730,16079,21598,15946,49925,48384,21606,14436,47613,15474,16835,20418,48385,48385,48385,48384,48384,14911,47613,47612,47612,47612,47614,47612,47612,47612,47612,47612,47612,47612
EcoliREL606,16165,121803,42052,23820,32209,50152,23881,14882,31937,43982,49979,24116,32183,23936,43972,49896,15574,49414,49889,0,32182,23848,49941,44962,32208,41947,15613,49949,15574,50340,50339,49399,23645,49962,49631,41804,49262,50028,49944,18513,49392,49629,49687,20840,41881,49639,49933,42698,49967,49196,50343,41882,41882,41882,41881,41881,50026,42698,42697,42697,42697,42699,42697,42697,42697,42697,42697,42697,42697
EcoliSakai,32223,122225,43164,32726,281,51026,32701,31858,1939,45908,50959,32734,51,32736,45898,50788,31448,50498,50783,32182,0,32740,50739,46174,280,43277,31975,50711,31448,51190,51189,50441,32683,50946,50453,43156,50170,50878,50948,31861,50438,50451,50549,32330,43263,50459,50937,43726,50729,50056,51125,43264,43264,43264,43263,43263,51032,43726,43725,43725,43725,43727,43725,43725,43725,43725,43725,43725,43725
EcoliSE11,21165,121471,42014,14188,32767,49968,12583,23454,32461,44588,49779,13204,32743,11798,44574,49662,23858,49212,49657,23848,32740,0,49677,44704,32766,41743,24033,49735,23858,50132,50131,49287,11697,49760,49223,41536,49166,49792,49776,24185,49282,49223,49497,23594,41667,49233,49767,42580,49753,49106,50057,41668,41668,41668,41667,41667,49762,42580,42579,42579,42579,42581,42579,42579,42579,42579,42579,42579,42579
EcoliSE15,50144,122162,49269,49887,50770,22243,49758,49923,50484,43407,21232,49939,50742,49667,43387,21339,49595,20783,21338,49941,50739,49677,0,43001,50771,48808,49702,21334,49595,12031,12032,20872,49738,21191,5206,48811,21955,21597,21179,49656,20865,5206,21398,50029,48850,5216,21170,47939,21354,21895,4610,48851,48851,48851,48850,48850,21593,47939,47938,47938,47938,47940,47938,47938,47938,47938,47938,47938,47938
EcoliSMS35,45051,120839,39644,45022,46199,41936,44857,45044,45929,26012,42263,44960,46177,44746,25996,42284,44684,42180,42281,44962,46174,44704,43001,0,46198,37981,44959,42297,44684,43088,43089,42301,44879,42246,42919,38068,42284,42432,42252,45043,42298,42921,42239,44774,37959,42925,42241,38676,42313,42316,43039,37960,37960,37960,37959,37959,42606,38676,38675,38675,38675,38677,38675,38675,38675,38675,38675,38675,38675
EcoliTW14359,32249,122235,43186,32754,21,51054,32723,31882,1965,45932,50989,32760,283,32764,45922,50820,31474,50528,50815,32208,280,32766,50771,46198,0,43301,32001,50743,31474,51226,51225,50473,32707,50978,50485,43178,50202,50908,50978,31887,50470,50483,50581,32356,43285,50491,50967,43754,50761,50088,51157,43286,43286,43286,43285,43285,51062,43754,43753,43753,43753,43755,43753,43753,43753,43753,43753,43753,43753
EcoliUMN026,42090,120956,24279,41939,43302,48479,41850,42185,42980,38455,48648,41949,43282,41741,38443,48341,41797,48323,48334,41947,43277,41743,48808,37981,43301,0,42016,48476,41797,49201,49202,48276,41920,48623,48530,675,47919,48785,48635,42194,48273,48530,48244,42257,518,48540,48624,29393,48496,47889,49194,519,519,519,518,518,48663,29393,29392,29392,29392,29394,29392,29392,29392,29392,29392,29392,29392
EcoliUMNK88,17914,121692,40953,23713,32002,50039,23838,16449,31712,44493,49776,24027,31978,23909,44481,49683,12635,49033,49678,15613,31975,24033,49702,44959,32001,42016,0,49728,12635,50131,50130,49342,23898,49747,49282,41747,49225,49861,49761,16914,49335,49282,49502,21413,41938,49286,49752,42555,49746,48529,50074,41939,41939,41939,41938,41938,49741,42555,42554,42554,42554,42556,42554,42554,42554,42554,42554,42554,42554
EcoliUTI89,50068,122374,48895,49871,50742,16581,49760,49937,50468,42807,15310,49929,50716,49685,42793,15455,49639,15995,15454,49949,50711,49735,21334,42297,50743,48476,49728,0,49639,20697,20696,1516,49748,15287,21622,48503,16909,15501,15419,49672,1511,21622,1150,49947,48526,21630,15408,47689,106,2359,20432,48527,48527,48527,48526,48526,15835,47689,47688,47688,47688,47690,47688,47688,47688,47688,47688,47688,47688
EcoliW3110,17111,121449,41736,24070,31475,49986,24079,15404,31189,44278,49735,24280,31449,23928,44264,49600,2,49280,49595,15574,31448,23858,49595,44684,31474,41797,12635,49639,0,50146,50145,49343,23753,49708,49425,41596,49118,49858,49716,14581,49336,49423,49361,20848,41651,49435,49707,42542,49657,48920,50063,41652,41652,41652,41651,41651,49708,42542,42541,42541,42541,42543,42541,42541,42541,42541,42541,42541,42541
TL003658,50489,122363,49626,50384,51225,21790,50237,50358,50909,43306,20745,50304,51193,50124,43290,20786,50146,21252,20785,50340,51190,50132,12031,43088,51226,49201,50131,20697,50146,0,3,21211,50153,20722,12297,49214,21696,21132,20688,50123,21206,12297,21109,50342,49241,12305,20679,48202,20717,21916,10935,49242,49242,49242,49241,49241,20990,48202,48201,48201,48201,48203,48201,48201,48201,48201,48201,48201,48201
TL003659,50488,122364,49625,50383,51224,21789,50236,50357,50908,43307,20744,50303,51192,50123,43291,20785,50145,21251,20784,50339,51189,50131,12032,43089,51225,49202,50130,20696,50145,3,0,21210,50152,20721,12298,49215,21695,21131,20687,50122,21205,12298,21108,50341,49242,12306,20678,48203,20716,21915,10934,49243,49243,49243,49242,49242,20989,48203,48202,48202,48202,48204,48202,48202,48202,48202,48202,48202,48202
TL003661,49656,122378,48495,49525,50470,17343,49428,49449,50202,43023,15958,49521,50446,49295,43005,16085,49343,15603,16084,49399,50441,49287,20872,42301,50473,48276,49342,1516,49343,21211,21210,0,49334,15945,21584,48303,17319,16143,15989,49306,29,21584,1632,49625,48326,21592,15978,47581,1536,2419,20952,48327,48327,48327,48326,48326,16455,47581,47580,47580,47580,47582,47580,47580,47580,47580,47580,47580,47580
TL003663,21636,121812,41963,13397,32708,50011,12626,23469,32432,44719,49762,13095,32684,12351,44705,49679,23753,49141,49676,23645,32683,11697,49738,44879,32707,41920,23898,49748,23753,50153,50152,49334,0,49751,49212,41719,49005,49831,49731,23928,49329,49212,49594,23265,41900,49222,49722,42667,49766,49103,50042,41901,41901,41901,41900,41900,49815,42667,42666,42666,42666,42668,42666,42666,42666,42666,42666,42666,42666
TL003664,50187,122221,49180,49990,50977,16652,49849,50064,50681,42526,353,49996,50951,49722,42506,14492,49708,1224,14485,49962,50946,49760,21191,42246,50978,48623,49747,15287,49708,20722,20721,15945,49751,0,21563,48666,17222,13820,456,49857,15940,21563,15829,49968,48667,21567,445,47962,15307,16766,20025,48668,48668,48668,48667,48667,15446,47962,47961,47961,47961,47963,47961,47961,47961,47961,47961,47961,47961
TL003665,49594,122070,48811,49287,50486,22467,49272,49567,50188,43295,21584,49257,50456,49139,43277,21601,49425,21183,21598,49631,50453,49223,5206,42919,50485,48530,49282,21622,49425,12297,12298,21584,49212,21563,0,48577,20695,22023,21535,49300,21577,30,21734,49827,48494,36,21526,48085,21642,21285,2460,48495,48495,48495,48494,48494,21861,48085,48084,48084,48084,48086,48084,48084,48084,48084,48084,48084,48084
TL003666,41781,121019,24050,41736,43179,48484,41663,41850,42857,38548,48693,41726,43159,41544,38536,48370,41596,48366,48363,41804,43156,41536,48811,38068,43178,675,41747,48503,41596,49214,49215,48303,41719,48666,48577,0,47918,48806,48678,41995,48300,48577,48269,42030,585,48587,48667,29494,48523,47916,49231,586,586,586,585,585,48680,29494,29493,29493,29493,29495,29493,29493,29493,29493,29493,29493,29493
TL003667,49601,122269,48252,49372,50201,16750,49249,49330,49909,42618,17247,49390,50175,49082,42602,17188,49118,17444,17187,49262,50170,49166,21955,42284,50202,47919,49225,16909,49118,21696,21695,17319,49005,17222,20695,47918,0,17264,17258,49207,17314,20695,17215,49768,47947,20699,17249,47448,16929,16612,21331,47948,47948,47948,47947,47947,17624,47448,47447,47447,47447,47449,47447,47447,47447,47447,47447,47447,47447
TL003669,50223,122443,49112,50082,50907,14930,49919,50150,50601,42696,13823,50102,50881,49788,42678,14472,49858,14608,14469,50028,50878,49792,21597,42432,50908,48785,49861,15501,49858,21132,21131,16143,49831,13820,22023,48806,17264,0,13830,49895,16138,22025,15989,50052,48827,22031,13819,48020,15521,17000,20713,48828,48828,48828,48827,48827,15490,48020,48019,48019,48019,48021,48019,48019,48019,48019,48019,48019,48019
TL003670,50189,122227,49192,49986,50977,16768,49841,50064,50693,42500,587,49990,50953,49736,42478,14450,49716,1460,14443,49944,50948,49776,21179,42252,50978,48635,49761,15419,49716,20688,20687,15989,49731,456,21535,48678,17258,13830,0,49867,15984,21535,15895,49946,48679,21543,13,47948,15439,16772,19999,48680,48680,48680,48679,48679,15404,47948,47947,47947,47947,47949,47947,47947,47947,47947,47947,47947,47947
TL003671,17932,121522,41845,23863,31888,49941,24012,16377,31600,44067,49882,24003,31864,23867,44047,49733,14581,49131,49730,18513,31861,24185,49656,45043,31887,42194,16914,49672,14581,50123,50122,49306,23928,49857,49300,41995,49207,49895,49867,0,49301,49298,49556,19411,42152,49310,49858,42747,49690,48839,50060,42153,42153,42153,42152,42152,49797,42747,42746,42746,42746,42748,42746,42746,42746,42746,42746,42746,42746
TL003672,49651,122375,48492,49520,50469,17338,49423,49444,50199,43020,15953,49516,50443,49290,43002,16080,49336,15598,16079,49392,50438,49282,20865,42298,50470,48273,49335,1511,49336,21206,21205,29,49329,15940,21577,48300,17314,16138,15984,49301,0,21577,1627,49620,48323,21585,15973,47578,1531,2414,20945,48324,48324,48324,48323,48323,16452,47578,47577,47577,47577,47579,47577,47577,47577,47577,47577,47577,47577
TL003674,49594,122070,48811,49287,50484,22467,49272,49565,50186,43297,21584,49255,50454,49139,43279,21601,49423,21183,21598,49629,50451,49223,5206,42921,50483,48530,49282,21622,49423,12297,12298,21584,49212,21563,30,48577,20695,22025,21535,49298,21577,0,21734,49827,48494,40,21526,48087,21642,21285,2460,48495,48495,48495,48494,48494,21861,48087,48086,48086,48086,48088,48086,48086,48086,48086,48086,48086,48086
TL003675,49850,122436,48851,49565,50580,17135,49538,49733,50318,43073,15846,49761,50554,49457,43059,15947,49361,16149,15946,49687,50549,49497,21398,42239,50581,48244,49502,1150,49361,21109,21108,1632,49594,15829,21734,48269,17215,15989,15895,49556,1627,21734,0,49821,48294,21742,15884,47599,1170,2569,20840,48295,48295,48295,48294,48294,16297,47599,47598,47598,47598,47600,47598,47598,47598,47598,47598,47598,47598
TL003677,19983,121657,42184,23460,32357,50200,23655,19286,32091,44484,49983,23580,32329,23434,44474,49928,20848,49430,49925,20840,32330,23594,50029,44774,32356,42257,21413,49947,20848,50342,50341,49625,23265,49968,49827,42030,49768,50052,49946,19411,49620,49827,49821,0,42207,49837,49937,42798,49965,49558,50253,42208,42208,42208,42207,42207,49972,42798,42797,42797,42797,42799,42797,42797,42797,42797,42797,42797,42797
TL003679,41960,121006,24125,41875,43286,48503,41794,42099,42964,38521,48696,41911,43266,41693,38509,48391,41651,48367,48384,41881,43263,41667,48850,37959,43285,518,41938,48526,41651,49241,49242,48326,41900,48667,48494,585,47947,48827,48679,42152,48323,48494,48294,42207,0,48504,48668,29507,48546,47939,49242,3,3,3,2,2,48703,29507,29506,29506,29506,29508,29506,29506,29506,29506,29506,29506,29506
TL003680,49602,122074,48817,49297,50492,22475,49282,49575,50192,43305,21592,49267,50462,49149,43287,21609,49435,21191,21606,49639,50459,49233,5216,42925,50491,48540,49286,21630,49435,12305,12306,21592,49222,21567,36,48587,20699,22031,21543,49310,21585,40,21742,49837,48504,0,21534,48095,21650,21289,2470,48505,48505,48505,48504,48504,21865,48095,48094,48094,48094,48096,48094,48094,48094,48094,48094,48094,48094
TL003681,50180,122218,49181,49977,50966,16759,49832,50053,50682,42491,576,49981,50942,49727,42469,14443,49707,1449,14436,49933,50937,49767,21170,42241,50967,48624,49752,15408,49707,20679,20678,15978,49722,445,21526,48667,17249,13819,13,49858,15973,21526,15884,49937,48668,21534,0,47939,15428,16761,19990,48669,48669,48669,48668,48668,15395,47939,47938,47938,47938,47940,47938,47938,47938,47938,47938,47938,47938
TL003682,42891,120793,31384,42790,43755,47702,42631,42822,43447,39496,47973,42820,43733,42448,39482,47620,42542,47764,47613,42698,43726,42580,47939,38676,43754,29393,42555,47689,42542,48202,48203,47581,42667,47962,48085,29494,47448,48020,47948,42747,47578,48087,47599,42798,29507,48095,47939,0,47707,47352,48297,29508,29508,29508,29507,29507,47990,2,1,1,1,3,1,1,1,1,1,1,1
TL003683,50086,122398,48913,49889,50760,16601,49778,49955,50486,42825,15330,49949,50734,49703,42811,15475,49657,16015,15474,49967,50729,49753,21354,42313,50761,48496,49746,106,49657,20717,20716,1536,49766,15307,21642,48523,16929,15521,15439,49690,1531,21642,1170,49965,48546,21650,15428,47707,0,2377,20452,48547,48547,48547,48546,48546,15855,47707,47706,47706,47706,47708,47706,47706,47706,47706,47706,47706,47706
TL003684,49365,122389,47712,49056,50087,18000,49151,49336,49815,43006,16781,49226,50061,49016,42992,16838,48920,16652,16835,49196,50056,49106,21895,42316,50088,47889,48529,2359,48920,21916,21915,2419,49103,16766,21285,47916,16612,17000,16772,48839,2414,21285,2569,49558,47939,21289,16761,47352,2377,0,21655,47940,47940,47940,47939,47939,17112,47352,47351,47351,47351,47353,47351,47351,47351,47351,47351,47351,47351
TL003685,50472,122158,49629,50299,51158,21405,50130,50315,50860,43239,20064,50301,51128,50085,43221,20419,50063,20539,20418,50343,51125,50057,4610,43039,51157,49194,50074,20432,50063,10935,10934,20952,50042,20025,2460,49231,21331,20713,19999,50060,20945,2460,20840,50253,49242,2470,19990,48297,20452,21655,0,49243,49243,49243,49242,49242,20613,48297,48296,48296,48296,48298,48296,48296,48296,48296,48296,48296,48296
TL003686,41961,121007,24126,41876,43287,48504,41795,42100,42965,38522,48697,41912,43267,41694,38510,48392,41652,48368,48385,41882,43264,41668,48851,37960,43286,519,41939,48527,41652,49242,49243,48327,41901,48668,48495,586,47948,48828,48680,42153,48324,48495,48295,42208,3,48505,48669,29508,48547,47940,49243,0,2,2,1,1,48704,29508,29507,29507,29507,29509,29507,29507,29507,29507,29507,29507,29507
TL003687,41961,121007,24126,41876,43287,48504,41795,42100,42965,38522,48697,41912,43267,41694,38510,48392,41652,48368,48385,41882,43264,41668,48851,37960,43286,519,41939,48527,41652,49242,49243,48327,41901,48668,48495,586,47948,48828,48680,42153,48324,48495,48295,42208,3,48505,48669,29508,48547,47940,49243,2,0,2,1,1,48704,29508,29507,29507,29507,29509,29507,29507,29507,29507,29507,29507,29507
TL003688,41961,121007,24126,41876,43287,48504,41795,42100,42965,38522,48697,41912,43267,41694,38510,48392,41652,48368,48385,41882,43264,41668,48851,37960,43286,519,41939,48527,41652,49242,49243,48327,41901,48668,48495,586,47948,48828,48680,42153,48324,48495,48295,42208,3,48505,48669,29508,48547,47940,49243,2,2,0,1,1,48704,29508,29507,29507,29507,29509,29507,29507,29507,29507,29507,29507,29507
TL003689,41960,121006,24125,41875,43286,48503,41794,42099,42964,38521,48696,41911,43266,41693,38509,48391,41651,48367,48384,41881,43263,41667,48850,37959,43285,518,41938,48526,41651,49241,49242,48326,41900,48667,48494,585,47947,48827,48679,42152,48323,48494,48294,42207,2,48504,48668,29507,48546,47939,49242,1,1,1,0,0,48703,29507,29506,29506,29506,29508,29506,29506,29506,29506,29506,29506,29506
TL003690,41960,121006,24125,41875,43286,48503,41794,42099,42964,38521,48696,41911,43266,41693,38509,48391,41651,48367,48384,41881,43263,41667,48850,37959,43285,518,41938,48526,41651,49241,49242,48326,41900,48667,48494,585,47947,48827,48679,42152,48323,48494,48294,42207,2,48504,48668,29507,48546,47939,49242,1,1,1,0,0,48703,29507,29506,29506,29506,29508,29506,29506,29506,29506,29506,29506,29506
TL003691,50203,122397,49082,49962,51061,17398,49885,50028,50769,42640,15533,49958,51037,49740,42626,14914,49708,16140,14911,50026,51032,49762,21593,42606,51062,48663,49741,15835,49708,20990,20989,16455,49815,15446,21861,48680,17624,15490,15404,49797,16452,21861,16297,49972,48703,21865,15395,47990,15855,17112,20613,48704,48704,48704,48703,48703,0,47990,47989,47989,47989,47991,47989,47989,47989,47989,47989,47989,47989
TL003692,42891,120793,31384,42790,43755,47702,42631,42822,43447,39496,47973,42820,43733,42448,39482,47620,42542,47764,47613,42698,43726,42580,47939,38676,43754,29393,42555,47689,42542,48202,48203,47581,42667,47962,48085,29494,47448,48020,47948,42747,47578,48087,47599,42798,29507,48095,47939,2,47707,47352,48297,29508,29508,29508,29507,29507,47990,0,1,1,1,3,1,1,1,1,1,1,1
TL003693,42890,120792,31383,42789,43754,47701,42630,42821,43446,39495,47972,42819,43732,42447,39481,47619,42541,47763,47612,42697,43725,42579,47938,38675,43753,29392,42554,47688,42541,48201,48202,47580,42666,47961,48084,29493,47447,48019,47947,42746,47577,48086,47598,42797,29506,48094,47938,1,47706,47351,48296,29507,29507,29507,29506,29506,47989,1,0,0,0,2,0,0,0,0,0,0,0
TL003694,42890,120792,31383,42789,43754,47701,42630,42821,43446,39495,47972,42819,43732,42447,39481,47619,42541,47763,47612,42697,43725,42579,47938,38675,43753,29392,42554,47688,42541,48201,48202,47580,42666,47961,48084,29493,47447,48019,47947,42746,47577,48086,47598,42797,29506,48094,47938,1,47706,47351,48296,29507,29507,29507,29506,29506,47989,1,0,0,0,2,0,0,0,0,0,0,0
TL003695,42890,120792,31383,42789,43754,47701,42630,42821,43446,39495,47972,42819,43732,42447,39481,47619,42541,47763,47612,42697,43725,42579,47938,38675,43753,29392,42554,47688,42541,48201,48202,47580,42666,47961,48084,29493,47447,48019,47947,42746,47577,48086,47598,42797,29506,48094,47938,1,47706,47351,48296,29507,29507,29507,29506,29506,47989,1,0,0,0,2,0,0,0,0,0,0,0
TL003696,42892,120794,31385,42791,43756,47703,42632,42823,43448,39497,47974,42821,43734,42449,39483,47621,42543,47765,47614,42699,43727,42581,47940,38677,43755,29394,42556,47690,42543,48203,48204,47582,42668,47963,48086,29495,47449,48021,47949,42748,47579,48088,47600,42799,29508,48096,47940,3,47708,47353,48298,29509,29509,29509,29508,29508,47991,3,2,2,2,0,2,2,2,2,2,2,2
TL003697,42890,120792,31383,42789,43754,47701,42630,42821,43446,39495,47972,42819,43732,42447,39481,47619,42541,47763,47612,42697,43725,42579,47938,38675,43753,29392,42554,47688,42541,48201,48202,47580,42666,47961,48084,29493,47447,48019,47947,42746,47577,48086,47598,42797,29506,48094,47938,1,47706,47351,48296,29507,29507,29507,29506,29506,47989,1,0,0,0,2,0,0,0,0,0,0,0
TL003698,42890,120792,31383,42789,43754,47701,42630,42821,43446,39495,47972,42819,43732,42447,39481,47619,42541,47763,47612,42697,43725,42579,47938,38675,43753,29392,42554,47688,42541,48201,48202,47580,42666,47961,48084,29493,47447,48019,47947,42746,47577,48086,47598,42797,29506,48094,47938,1,47706,47351,48296,29507,29507,29507,29506,29506,47989,1,0,0,0,2,0,0,0,0,0,0,0
TL003699,42890,120792,31383,42789,43754,47701,42630,42821,43446,39495,47972,42819,43732,42447,39481,47619,42541,47763,47612,42697,43725,42579,47938,38675,43753,29392,42554,47688,42541,48201,48202,47580,42666,47961,48084,29493,47447,48019,47947,42746,47577,48086,47598,42797,29506,48094,47938,1,47706,47351,48296,29507,29507,29507,29506,29506,47989,1,0,0,0,2,0,0,0,0,0,0,0
TL003700,42890,120792,31383,42789,43754,47701,42630,42821,43446,39495,47972,42819,43732,42447,39481,47619,42541,47763,47612,42697,43725,42579,47938,38675,43753,29392,42554,47688,42541,48201,48202,47580,42666,47961,48084,29493,47447,48019,47947,42746,47577,48086,47598,42797,29506,48094,47938,1,47706,47351,48296,29507,29507,29507,29506,29506,47989,1,0,0,0,2,0,0,0,0,0,0,0
TL003701,42890,120792,31383,42789,43754,47701,42630,42821,43446,39495,47972,42819,43732,42447,39481,47619,42541,47763,47612,42697,43725,42579,47938,38675,43753,29392,42554,47688,42541,48201,48202,47580,42666,47961,48084,29493,47447,48019,47947,42746,47577,48086,47598,42797,29506,48094,47938,1,47706,47351,48296,29507,29507,29507,29506,29506,47989,1,0,0,0,2,0,0,0,0,0,0,0
TL003702,42890,120792,31383,42789,43754,47701,42630,42821,43446,39495,47972,42819,43732,42447,39481,47619,42541,47763,47612,42697,43725,42579,47938,38675,43753,29392,42554,47688,42541,48201,48202,47580,42666,47961,48084,29493,47447,48019,47947,42746,47577,48086,47598,42797,29506,48094,47938,1,47706,47351,48296,29507,29507,29507,29506,29506,47989,1,0,0,0,2,0,0,0,0,0,0,0
TL003703,42890,120792,31383,42789,43754,47701,42630,42821,43446,39495,47972,42819,43732,42447,39481,47619,42541,47763,47612,42697,43725,42579,47938,38675,43753,29392,42554,47688,42541,48201,48202,47580,42666,47961,48084,29493,47447,48019,47947,42746,47577,48086,47598,42797,29506,48094,47938,1,47706,47351,48296,29507,29507,29507,29506,29506,47989,1,0,0,0,2,0,0,0,0,0,0,0
